Results for M1_dt.pkl...
Best parameters: {'criterion': 'entropy', 'max_depth': 200, 'max_features': None, 'min_samples_leaf': 2, 'min_samples_split': 10}
Accuracy: 0.30029154518950435
              precision    recall  f1-score   support

           0       0.46      0.44      0.45        43
           1       0.27      0.25      0.26        71
           2       0.20      0.25      0.22        52
           3       0.40      0.51      0.45        72
           4       0.09      0.07      0.08        29
           5       0.29      0.30      0.30        77
           6       0.35      0.36      0.35       117
           7       0.12      0.16      0.14        38
           8       0.36      0.36      0.36        58
           9       0.22      0.15      0.18        74
          10       0.33      0.25      0.29        55

    accuracy                           0.30       686
   macro avg       0.28      0.28      0.28       686
weighted avg       0.30      0.30      0.30       686

[[19  1  4  1  0  1  3 10  1  2  1]
 [ 1 18  5  3  2  3 22  0  9  5  3]
 [ 1  4 13  1  3  4  7  6  7  4  2]
 [ 0  6  1 37  0 15  5  2  0  3  3]
 [ 0  3  0  6  2  4  9  0  3  1  1]
 [ 0  5  5 24  1 23  6  5  3  1  4]
 [ 3 15 17  9  4  9 42  5  3  6  4]
 [ 2  4  1  1  2  5  4  6  1  8  4]
 [ 3  3  5  0  2  2 12  5 21  4  1]
 [11  4  9  6  5  7  5  4  6 11  6]
 [ 1  3  5  4  2  5  6  5  4  6 14]]
AUC ROC score: 0.6465009186049054
Results for M2_dt.pkl...
Best parameters: {'criterion': 'entropy', 'max_depth': 30, 'max_features': None, 'min_samples_leaf': 5, 'min_samples_split': 2}
Accuracy: 0.4198250728862974
              precision    recall  f1-score   support

           0       0.45      0.47      0.46        43
           1       0.34      0.32      0.33        71
           2       0.32      0.37      0.34        52
           3       0.49      0.58      0.54        72
           4       0.17      0.17      0.17        29
           5       0.51      0.45      0.48        77
           6       0.53      0.49      0.51       117
           7       0.14      0.13      0.14        38
           8       0.31      0.29      0.30        58
           9       0.64      0.58      0.61        74
          10       0.32      0.40      0.36        55

    accuracy                           0.42       686
   macro avg       0.39      0.39      0.39       686
weighted avg       0.42      0.42      0.42       686

[[20  0  5  4  4  1  1  2  4  1  1]
 [ 1 23  3  2  3  2 19  4  8  1  5]
 [ 1  4 19  5  0  2  1  4 10  1  5]
 [ 1  7  0 42  6  4  8  1  0  1  2]
 [ 3  5  3  3  5  3  3  1  0  1  2]
 [ 1  1  1 17  1 35  0  6  1  7  7]
 [ 8 12  7  6  6  5 57  1  4  0 11]
 [ 1  2  6  0  1  6  5  5  4  5  3]
 [ 1  4 11  1  2  2  3  6 17  4  7]
 [ 5  4  3  3  1  4  3  1  4 43  3]
 [ 2  6  2  2  0  4  7  5  2  3 22]]
AUC ROC score: 0.7118592408747023
Results for M3_dt.pkl...
Best parameters: {'criterion': 'entropy', 'max_depth': 30, 'max_features': None, 'min_samples_leaf': 5, 'min_samples_split': 2}
Accuracy: 0.4271137026239067
              precision    recall  f1-score   support

           0       0.42      0.44      0.43        43
           1       0.29      0.28      0.29        71
           2       0.30      0.37      0.33        52
           3       0.50      0.58      0.54        72
           4       0.22      0.17      0.19        29
           5       0.55      0.47      0.50        77
           6       0.55      0.55      0.55       117
           7       0.11      0.11      0.11        38
           8       0.36      0.33      0.34        58
           9       0.65      0.57      0.60        74
          10       0.34      0.42      0.38        55

    accuracy                           0.43       686
   macro avg       0.39      0.39      0.39       686
weighted avg       0.43      0.43      0.43       686

[[19  0  5  4  4  1  1  3  4  1  1]
 [ 1 20  3  2  3  2 21  5  7  1  6]
 [ 1  5 19  4  0  2  1  4  9  1  6]
 [ 1  7  0 42  5  4  9  2  0  1  1]
 [ 2  5  3  3  5  3  4  1  0  1  2]
 [ 1  1  2 16  1 36  0  6  1  6  7]
 [11 13  7  6  1  4 64  0  3  1  7]
 [ 1  4  6  1  1  5  5  4  3  4  4]
 [ 1  4 12  1  2  2  2  5 19  4  6]
 [ 5  3  4  3  1  3  3  1  5 42  4]
 [ 2  6  2  2  0  4  7  4  2  3 23]]
AUC ROC score: 0.7119106574352142
Results for M4_dt.pkl...
Best parameters: {'criterion': 'entropy', 'max_depth': 30, 'max_features': None, 'min_samples_leaf': 3, 'min_samples_split': 2}
Accuracy: 0.4518950437317784
              precision    recall  f1-score   support

           0       0.45      0.60      0.51        43
           1       0.31      0.34      0.32        71
           2       0.32      0.31      0.31        52
           3       0.49      0.61      0.55        72
           4       0.25      0.17      0.20        29
           5       0.53      0.51      0.52        77
           6       0.54      0.52      0.53       117
           7       0.21      0.21      0.21        38
           8       0.42      0.36      0.39        58
           9       0.65      0.58      0.61        74
          10       0.46      0.42      0.44        55

    accuracy                           0.45       686
   macro avg       0.42      0.42      0.42       686
weighted avg       0.45      0.45      0.45       686

[[26  0  2  5  1  1  1  1  4  0  2]
 [ 2 24  6  4  3  2 15  7  4  1  3]
 [ 1  8 16  4  0  5  6  4  4  4  0]
 [ 6  3  2 44  4 10  1  0  0  1  1]
 [ 4  2  3  6  5  2  4  1  0  0  2]
 [ 5  1  2 17  1 39  3  0  1  8  0]
 [ 3 22  6  3  2  1 61  5  3  1 10]
 [ 1  4  0  0  0  3  6  8  8  5  3]
 [ 3  6  4  2  1  1  8  6 21  2  4]
 [ 4  3  6  3  1  6  2  3  1 43  2]
 [ 3  4  3  1  2  4  7  3  4  1 23]]
AUC ROC score: 0.7132760745829757
Results for M1_dt.pkl...
Results for M1_dt.pkl...
Best parameters: {'criterion': 'gini', 'max_depth': 20, 'max_features': None, 'min_samples_leaf': 1, 'min_samples_split': 2}
Accuracy: 0.34839650145772594
              precision    recall  f1-score   support

           0       0.35      0.33      0.34        79
           1       0.44      0.44      0.44        88
           2       0.18      0.19      0.18        43
           3       0.37      0.41      0.39        63
           4       0.42      0.44      0.43        62
           5       0.36      0.39      0.37        44
           6       0.22      0.19      0.20        47
           7       0.14      0.11      0.12        28
           8       0.38      0.37      0.38       105
           9       0.32      0.36      0.34        75
          10       0.38      0.35      0.36        52

    accuracy                           0.35       686
   macro avg       0.32      0.32      0.32       686
weighted avg       0.35      0.35      0.35       686

[[26  4  9  5  4  7  5  2  9  5  3]
 [ 3 39  4  6  2  2  2  2  7 18  3]
 [ 6  2  8  8  4  2  3  2  4  2  2]
 [ 4  6  4 26  5  4  3  2  2  6  1]
 [ 5  0  3  4 27  1  6  0 10  3  3]
 [ 7  4  2  2  3 17  2  1  2  4  0]
 [ 5  3  2  3  5  3  9  1  9  6  1]
 [ 2  5  0  1  4  2  4  3  3  2  2]
 [ 9  6  8  6  6  4  4  4 39  8 11]
 [ 5 18  4  4  0  5  1  2  5 27  4]
 [ 2  2  1  5  4  0  2  2 13  3 18]]
AUC ROC score: 0.6384199795669812
Results for M2_dt.pkl...
Best parameters: {'criterion': 'gini', 'max_depth': 100, 'max_features': None, 'min_samples_leaf': 1, 'min_samples_split': 2}
Accuracy: 0.47959183673469385
              precision    recall  f1-score   support

           0       0.71      0.62      0.66        79
           1       0.54      0.60      0.57        88
           2       0.36      0.37      0.36        43
           3       0.35      0.35      0.35        63
           4       0.52      0.45      0.48        62
           5       0.57      0.55      0.56        44
           6       0.26      0.34      0.30        47
           7       0.20      0.11      0.14        28
           8       0.58      0.57      0.58       105
           9       0.47      0.49      0.48        75
          10       0.36      0.40      0.38        52

    accuracy                           0.48       686
   macro avg       0.45      0.44      0.44       686
weighted avg       0.48      0.48      0.48       686

[[49  3  4  5  1  5  4  0  2  5  1]
 [ 1 53  1  6  2  2  4  2  8  8  1]
 [ 3  1 16  6  2  6  2  0  2  1  4]
 [ 1  3 10 22  2  0  8  1  4  8  4]
 [ 3  2  2  7 28  0  7  2  2  6  3]
 [ 2  3  2  0  3 24  3  0  5  2  0]
 [ 2  1  6  3  6  2 16  1  5  1  4]
 [ 2  4  1  0  1  1  4  3  4  4  4]
 [ 0  8  1  4  4  1  5  4 60  5 13]
 [ 4 18  2  1  3  1  1  2  3 37  3]
 [ 2  2  0  9  2  0  7  0  8  1 21]]
AUC ROC score: 0.6945509539799185
Results for M3_dt.pkl...
Best parameters: {'criterion': 'gini', 'max_depth': 100, 'max_features': None, 'min_samples_leaf': 1, 'min_samples_split': 2}
Accuracy: 0.4679300291545189
              precision    recall  f1-score   support

           0       0.74      0.58      0.65        79
           1       0.57      0.57      0.57        88
           2       0.33      0.30      0.32        43
           3       0.37      0.35      0.36        63
           4       0.50      0.52      0.51        62
           5       0.52      0.50      0.51        44
           6       0.24      0.30      0.26        47
           7       0.12      0.07      0.09        28
           8       0.54      0.58      0.56       105
           9       0.45      0.52      0.48        75
          10       0.36      0.38      0.37        52

    accuracy                           0.47       686
   macro avg       0.43      0.42      0.43       686
weighted avg       0.47      0.47      0.47       686

[[46  2  3  3  2  6  7  0  2  6  2]
 [ 2 50  1  3  3  3  1  3  9 11  2]
 [ 4  1 13  5  2  4  2  2  3  3  4]
 [ 0  3  9 22  5  0  8  0  6  6  4]
 [ 0  2  3  5 32  1  6  1  2  7  3]
 [ 2  1  2  0  4 22  3  1  4  4  1]
 [ 2  0  3  4  7  2 14  0  8  2  5]
 [ 1  6  1  0  1  1  4  2  4  5  3]
 [ 0  8  2  5  5  1  5  6 61  2 10]
 [ 4 12  2  5  2  2  2  2  4 39  1]
 [ 1  3  0  8  1  0  7  0 11  1 20]]
AUC ROC score: 0.6855750572724649
Results for M4_dt.pkl...
Best parameters: {'criterion': 'gini', 'max_depth': 20, 'max_features': None, 'min_samples_leaf': 8, 'min_samples_split': 35}
Accuracy: 0.5043731778425656
              precision    recall  f1-score   support

           0       0.69      0.66      0.68        79
           1       0.59      0.73      0.65        88
           2       0.34      0.28      0.31        43
           3       0.38      0.48      0.42        63
           4       0.44      0.35      0.39        62
           5       0.52      0.34      0.41        44
           6       0.39      0.43      0.41        47
           7       0.18      0.07      0.10        28
           8       0.60      0.66      0.63       105
           9       0.54      0.57      0.55        75
          10       0.33      0.33      0.33        52

    accuracy                           0.50       686
   macro avg       0.45      0.44      0.44       686
weighted avg       0.49      0.50      0.49       686

[[52  1  2  3  4  7  3  1  2  2  2]
 [ 3 64  2  2  0  0  1  1  3 10  2]
 [ 6  4 12 11  5  0  2  0  3  0  0]
 [ 3  3  4 30  8  1  4  0  6  1  3]
 [ 2  2  3  8 22  1  8  1  8  2  5]
 [ 3  7  1  1  2 15  2  0  5  6  2]
 [ 3  2  0  5  3  1 20  0  4  4  5]
 [ 1  4  3  3  1  2  2  2  2  5  3]
 [ 0  5  1  9  3  1  4  1 69  3  9]
 [ 2 16  3  1  0  1  2  3  1 43  3]
 [ 0  1  4  7  2  0  3  2 12  4 17]]
AUC ROC score: 0.7864741191295311
Results for M1_dt.pkl...
Best parameters: {'criterion': 'gini', 'max_depth': 30, 'max_features': None, 'min_samples_leaf': 1, 'min_samples_split': 2}
Accuracy: 0.36005830903790087
              precision    recall  f1-score   support

           0       0.33      0.30      0.32        79
           1       0.41      0.44      0.43        88
           2       0.17      0.19      0.18        43
           3       0.40      0.40      0.40        63
           4       0.42      0.44      0.43        62
           5       0.40      0.39      0.39        44
           6       0.29      0.23      0.26        47
           7       0.14      0.11      0.12        28
           8       0.41      0.44      0.42       105
           9       0.34      0.37      0.36        75
          10       0.40      0.37      0.38        52

    accuracy                           0.36       686
   macro avg       0.34      0.33      0.33       686
weighted avg       0.36      0.36      0.36       686

[[24  3  8  5  6  8  4  2  7  8  4]
 [ 4 39  3  8  4  2  0  2  6 17  3]
 [ 6  3  8  7  2  0  2  3  5  3  4]
 [ 1  4  5 25  5  4  4  2  5  7  1]
 [ 7  2  6  2 27  1  6  0  8  0  3]
 [ 5  4  2  1  3 17  2  1  4  5  0]
 [ 8  4  4  3  4  3 11  0  7  3  0]
 [ 3  5  0  1  4  0  2  3  7  2  1]
 [ 8  5  6  3  9  4  4  4 46  6 10]
 [ 6 21  2  3  0  4  1  2  6 28  2]
 [ 1  4  2  5  1  0  2  3 12  3 19]]
AUC ROC score: 0.634387230770542
Results for M2_dt.pkl...
Best parameters: {'criterion': 'entropy', 'max_depth': 100, 'max_features': None, 'min_samples_leaf': 2, 'min_samples_split': 10}
Accuracy: 0.45626822157434405
              precision    recall  f1-score   support

           0       0.68      0.61      0.64        79
           1       0.54      0.62      0.58        88
           2       0.30      0.37      0.33        43
           3       0.29      0.35      0.31        63
           4       0.39      0.34      0.36        62
           5       0.49      0.50      0.49        44
           6       0.27      0.30      0.28        47
           7       0.31      0.18      0.23        28
           8       0.51      0.56      0.53       105
           9       0.61      0.52      0.56        75
          10       0.32      0.23      0.27        52

    accuracy                           0.46       686
   macro avg       0.43      0.42      0.42       686
weighted avg       0.46      0.46      0.45       686

[[48  2  4  6  6  5  3  1  2  2  0]
 [ 1 55  4  5  1  0  2  0 10  8  2]
 [ 4  1 16  7  3  2  6  0  3  1  0]
 [ 4  5  5 22  4  1  5  1  8  3  5]
 [ 7  1 10  5 21  2  6  0  5  3  2]
 [ 3  4  2  3  0 22  1  1  5  3  0]
 [ 1  4  3  6  7  4 14  1  3  2  2]
 [ 1  4  0  3  3  4  3  5  3  0  2]
 [ 0  9  2  8  5  2  2  6 59  1 11]
 [ 1 14  3  9  0  3  0  0  5 39  1]
 [ 1  2  4  3  4  0 10  1 13  2 12]]
AUC ROC score: 0.7182612086038076
Results for M3_dt.pkl...
Best parameters: {'criterion': 'entropy', 'max_depth': 40, 'max_features': None, 'min_samples_leaf': 1, 'min_samples_split': 10}
Accuracy: 0.4577259475218659
              precision    recall  f1-score   support

           0       0.71      0.63      0.67        79
           1       0.55      0.60      0.58        88
           2       0.29      0.33      0.30        43
           3       0.29      0.33      0.31        63
           4       0.38      0.31      0.34        62
           5       0.51      0.52      0.52        44
           6       0.29      0.32      0.30        47
           7       0.28      0.18      0.22        28
           8       0.50      0.55      0.52       105
           9       0.58      0.56      0.57        75
          10       0.31      0.27      0.29        52

    accuracy                           0.46       686
   macro avg       0.43      0.42      0.42       686
weighted avg       0.46      0.46      0.46       686

[[50  3  3  5  6  4  3  2  2  1  0]
 [ 1 53  3  5  1  0  3  0  8 10  4]
 [ 4  1 14  7  3  2  5  0  3  3  1]
 [ 3  4  6 21  4  2  5  1  9  2  6]
 [ 6  2  9  4 19  3  6  0  5  4  4]
 [ 3  3  2  3  0 23  1  1  4  4  0]
 [ 1  3  3  6  6  3 15  1  5  2  2]
 [ 1  3  0  3  3  4  3  5  4  0  2]
 [ 0  9  2  8  5  2  2  7 58  1 11]
 [ 1 13  3  8  0  2  0  0  5 42  1]
 [ 0  2  4  3  3  0  9  1 13  3 14]]
AUC ROC score: 0.714897582324774
Results for M4_dt.pkl...
Best parameters: {'criterion': 'gini', 'max_depth': 50, 'max_features': None, 'min_samples_leaf': 1, 'min_samples_split': 5}
Accuracy: 0.4956268221574344
              precision    recall  f1-score   support

           0       0.55      0.62      0.58        79
           1       0.60      0.67      0.63        88
           2       0.40      0.49      0.44        43
           3       0.41      0.38      0.40        63
           4       0.41      0.44      0.42        62
           5       0.51      0.45      0.48        44
           6       0.29      0.36      0.32        47
           7       0.11      0.04      0.05        28
           8       0.62      0.63      0.62       105
           9       0.60      0.51      0.55        75
          10       0.38      0.35      0.36        52

    accuracy                           0.50       686
   macro avg       0.45      0.45      0.44       686
weighted avg       0.49      0.50      0.49       686

[[49  2  4  3  3  7  4  0  2  3  2]
 [ 4 59  2  3  0  4  1  3  4  7  1]
 [ 6  1 21  5  2  2  2  0  1  1  2]
 [ 4  1  3 24 13  0  6  0  7  2  3]
 [ 2  2  3  9 27  2 11  0  2  1  3]
 [ 2  4  3  2  1 20  2  1  4  4  1]
 [ 5  1  2  3  5  0 17  2  4  2  6]
 [ 2  3  1  3  2  2  4  1  5  3  2]
 [ 2  5  4  4  9  1  5  0 66  2  7]
 [ 8 16  3  0  3  1  2  0  2 38  2]
 [ 5  4  6  2  1  0  4  2 10  0 18]]
AUC ROC score: 0.7138997681215445
