Results for M1_nb.pkl...
Best parameters: {'var_smoothing': 0.0001}
Accuracy: 0.30903790087463556
              precision    recall  f1-score   support

           0       0.45      0.44      0.45        43
           1       0.56      0.25      0.35        71
           2       0.29      0.21      0.24        52
           3       0.34      0.71      0.46        72
           4       0.23      0.24      0.23        29
           5       0.20      0.23      0.22        77
           6       0.33      0.38      0.35       117
           7       0.18      0.13      0.15        38
           8       0.31      0.40      0.35        58
           9       0.19      0.11      0.14        74
          10       0.35      0.13      0.19        55

    accuracy                           0.31       686
   macro avg       0.31      0.29      0.28       686
weighted avg       0.32      0.31      0.29       686

[[19  0  2  7  3  6  2  0  1  3  0]
 [ 0 18  8  4  2  6 17  3 10  2  1]
 [ 3  4 11  1  3  4  8  2 11  3  2]
 [ 2  0  0 51  1  8  7  0  0  2  1]
 [ 0  0  1 11  7  4  3  0  2  1  0]
 [ 6  0  0 42  2 18  8  0  0  1  0]
 [ 1  6  8 20  6 17 45  1  6  5  2]
 [ 1  1  1  1  1  3  9  5  6  7  3]
 [ 3  2  2  0  3  5 12  1 23  6  1]
 [ 3  1  4 13  2  9 15  8  8  8  3]
 [ 4  0  1  0  1  9 12  8  8  5  7]]
AUC ROC score: 0.7516748927246583
Results for M2_nb.pkl...
Best parameters: {'var_smoothing': 1e-11}
Accuracy: 0.34402332361516036
              precision    recall  f1-score   support

           0       0.36      0.51      0.42        43
           1       0.50      0.27      0.35        71
           2       0.27      0.21      0.24        52
           3       0.41      0.71      0.52        72
           4       0.25      0.34      0.29        29
           5       0.21      0.27      0.24        77
           6       0.41      0.38      0.39       117
           7       0.15      0.11      0.12        38
           8       0.32      0.43      0.37        58
           9       0.35      0.24      0.29        74
          10       0.46      0.20      0.28        55

    accuracy                           0.34       686
   macro avg       0.34      0.33      0.32       686
weighted avg       0.35      0.34      0.33       686

[[22  0  3  5  3  6  2  0  0  2  0]
 [ 0 19  8  3  4  6 14  3 10  2  2]
 [ 4  6 11  1  1  5  6  2 12  3  1]
 [ 3  0  0 51  3  5  9  0  0  1  0]
 [ 2  0  1  6 10  5  2  0  2  1  0]
 [ 6  0  0 38  6 21  5  0  0  1  0]
 [ 2  6 12 11  6 24 44  1  5  4  2]
 [ 3  3  1  1  0  2  5  4  8  8  3]
 [ 6  1  1  0  2  3  9  2 25  8  1]
 [ 8  3  2  7  4 13  2  7  6 18  4]
 [ 5  0  2  0  1  8  9  7  9  3 11]]
AUC ROC score: 0.7719840111570373
Results for M3_nb.pkl...
Best parameters: {'var_smoothing': 0.01}
Accuracy: 0.34402332361516036
              precision    recall  f1-score   support

           0       0.37      0.51      0.43        43
           1       0.50      0.25      0.34        71
           2       0.28      0.21      0.24        52
           3       0.40      0.74      0.52        72
           4       0.24      0.34      0.29        29
           5       0.22      0.27      0.25        77
           6       0.40      0.37      0.38       117
           7       0.15      0.11      0.12        38
           8       0.32      0.43      0.37        58
           9       0.35      0.24      0.29        74
          10       0.44      0.20      0.28        55

    accuracy                           0.34       686
   macro avg       0.34      0.33      0.32       686
weighted avg       0.35      0.34      0.33       686

[[22  0  3  5  3  6  2  0  0  2  0]
 [ 0 18  8  3  2  8 16  3 10  1  2]
 [ 3  6 11  1  2  5  6  2 12  3  1]
 [ 3  0  0 53  3  4  8  0  0  1  0]
 [ 2  0  1  8 10  3  2  0  2  1  0]
 [ 6  0  0 38  6 21  5  0  0  1  0]
 [ 1  5 11 15  7 21 43  1  5  5  3]
 [ 3  3  1  1  1  2  4  4  8  8  3]
 [ 6  1  1  0  2  3  9  2 25  8  1]
 [ 8  3  2  7  4 13  2  7  6 18  4]
 [ 5  0  1  0  1  8 10  7  9  3 11]]
AUC ROC score: 0.7702483618254239
Results for M4_nb.pkl...
Best parameters: {'var_smoothing': 1e-11}
Accuracy: 0.4198250728862974
              precision    recall  f1-score   support

           0       0.65      0.56      0.60        43
           1       0.51      0.28      0.36        71
           2       0.51      0.52      0.51        52
           3       0.43      0.71      0.54        72
           4       0.48      0.52      0.50        29
           5       0.22      0.30      0.25        77
           6       0.40      0.48      0.44       117
           7       0.30      0.42      0.35        38
           8       0.42      0.47      0.44        58
           9       0.56      0.24      0.34        74
          10       0.69      0.20      0.31        55

    accuracy                           0.42       686
   macro avg       0.47      0.43      0.42       686
weighted avg       0.46      0.42      0.41       686

[[24  0  2  5  3  5  2  0  0  2  0]
 [ 0 20  9  3  1  6 17  5  9  0  1]
 [ 0  2 27  1  0  5  7  1  9  0  0]
 [ 3  0  0 51  2  9  3  0  0  4  0]
 [ 1  1  0  6 15  3  1  0  0  2  0]
 [ 4  1  0 36  7 23  6  0  0  0  0]
 [ 0  6  7 11  1 23 56  7  5  0  1]
 [ 0  2  2  1  0  2 10 16  5  0  0]
 [ 1  0  3  0  0  3 15  8 27  1  0]
 [ 4  5  2  4  2 19  7  6  4 18  3]
 [ 0  2  1  0  0  6 15 10  5  5 11]]
AUC ROC score: 0.825675152251803
Results for M1_nb.pkl...
Results for M1_nb.pkl...
Best parameters: {'var_smoothing': 0.0001}
Accuracy: 0.32215743440233235
              precision    recall  f1-score   support

           0       0.37      0.24      0.29        79
           1       0.37      0.76      0.50        88
           2       0.25      0.14      0.18        43
           3       0.29      0.14      0.19        63
           4       0.39      0.45      0.42        62
           5       0.50      0.43      0.46        44
           6       0.48      0.34      0.40        47
           7       0.19      0.18      0.19        28
           8       0.25      0.28      0.26       105
           9       0.13      0.15      0.14        75
          10       0.34      0.23      0.28        52

    accuracy                           0.32       686
   macro avg       0.33      0.30      0.30       686
weighted avg       0.32      0.32      0.31       686

[[19 13  5  3  7  6  3  5 10  7  1]
 [ 2 67  0  3  0  1  0  1  3 10  1]
 [ 6  3  6  8  6  2  2  1  6  1  2]
 [ 6  2  4  9  7  1  1  1 13 12  7]
 [ 1  3  5  1 28  5  3  2  9  2  3]
 [ 3  8  0  0  0 19  1  2  1 10  0]
 [ 1  2  1  2  6  2 16  0 11  3  3]
 [ 1 13  0  0  1  0  1  5  2  5  0]
 [11 22  2  2  6  0  2  6 29 19  6]
 [ 1 44  1  2  0  2  1  3 10 11  0]
 [ 1  2  0  1 10  0  3  0 21  2 12]]
AUC ROC score: 0.7511387400341561
Results for M2_nb.pkl...
Best parameters: {'var_smoothing': 1}
Accuracy: 0.41253644314868804
              precision    recall  f1-score   support

           0       0.53      0.81      0.64        79
           1       0.31      0.83      0.45        88
           2       0.35      0.14      0.20        43
           3       0.00      0.00      0.00        63
           4       0.62      0.21      0.31        62
           5       0.90      0.41      0.56        44
           6       0.50      0.02      0.04        47
           7       0.00      0.00      0.00        28
           8       0.35      0.74      0.48       105
           9       0.65      0.40      0.50        75
          10       0.00      0.00      0.00        52

    accuracy                           0.41       686
   macro avg       0.38      0.32      0.29       686
weighted avg       0.40      0.41      0.34       686

[[64  6  0  0  1  0  0  0  3  5  0]
 [ 4 73  1  0  0  0  0  0  8  2  0]
 [12 15  6  0  0  0  0  0  7  3  0]
 [ 8 36  1  0  2  0  0  0 12  4  0]
 [ 9 12  4  0 13  0  0  0 24  0  0]
 [ 5 10  1  0  0 18  0  0 10  0  0]
 [ 9 10  2  1  3  0  1  0 19  2  0]
 [ 2  9  1  0  0  1  1  0 14  0  0]
 [ 2 22  0  0  2  1  0  0 78  0  0]
 [ 4 36  1  0  0  0  0  0  4 30  0]
 [ 1 10  0  0  0  0  0  0 41  0  0]]
AUC ROC score: 0.797231475639125
Results for M3_nb.pkl...
Best parameters: {'var_smoothing': 0.01}
Accuracy: 0.34402332361516036
              precision    recall  f1-score   support

           0       0.54      0.33      0.41        79
           1       0.41      0.75      0.53        88
           2       0.35      0.30      0.33        43
           3       0.34      0.16      0.22        63
           4       0.39      0.44      0.41        62
           5       0.36      0.45      0.40        44
           6       0.35      0.34      0.34        47
           7       0.16      0.25      0.19        28
           8       0.33      0.26      0.29       105
           9       0.16      0.17      0.17        75
          10       0.34      0.21      0.26        52

    accuracy                           0.34       686
   macro avg       0.34      0.33      0.32       686
weighted avg       0.35      0.34      0.33       686

[[26 11  6  2  5 11  5  4  2  7  0]
 [ 0 66  0  3  0  3  1  2  1 11  1]
 [ 6  1 13  2  7  3  3  1  3  3  1]
 [ 8  0  5 10  6  5  2  5  9  9  4]
 [ 0  2  7  3 27  6  4  4  6  1  2]
 [ 2  7  0  0  1 20  1  3  1  9  0]
 [ 1  1  2  2  5  2 16  2  7  4  5]
 [ 0 12  0  0  1  0  1  7  2  4  1]
 [ 3 18  3  3  6  3  6 12 27 17  7]
 [ 1 42  1  2  1  3  2  4  6 13  0]
 [ 1  1  0  2 11  0  5  1 17  3 11]]
AUC ROC score: 0.7714840677131675
Results for M4_nb.pkl...
Best parameters: {'var_smoothing': 0.01}
Accuracy: 0.4067055393586006
              precision    recall  f1-score   support

           0       0.61      0.38      0.47        79
           1       0.42      0.77      0.55        88
           2       0.36      0.44      0.40        43
           3       0.43      0.16      0.23        63
           4       0.45      0.48      0.47        62
           5       0.56      0.45      0.50        44
           6       0.53      0.51      0.52        47
           7       0.38      0.29      0.33        28
           8       0.35      0.43      0.39       105
           9       0.20      0.20      0.20        75
          10       0.33      0.19      0.24        52

    accuracy                           0.41       686
   macro avg       0.42      0.39      0.39       686
weighted avg       0.42      0.41      0.39       686

[[30 11  9  6  1  6  1  2  6  7  0]
 [ 4 68  0  0  0  3  0  3  1  8  1]
 [ 2  1 19  1  8  0  2  0  6  2  2]
 [ 2  0 10 10 10  1  2  0 20  7  1]
 [ 2  1  7  1 30  3  2  0 12  2  2]
 [ 3  8  0  0  0 20  0  3  1  8  1]
 [ 0  1  2  1  3  1 24  0  7  5  3]
 [ 0 10  0  0  1  1  0  8  1  6  1]
 [ 2 18  5  1  4  0  5  2 45 14  9]
 [ 4 41  1  1  0  1  1  3  8 15  0]
 [ 0  1  0  2  9  0  8  0 20  2 10]]
AUC ROC score: 0.8181947077689152
Results for M1_nb.pkl...
Best parameters: {'var_smoothing': 0.0001}
Accuracy: 0.32215743440233235
              precision    recall  f1-score   support

           0       0.37      0.24      0.29        79
           1       0.37      0.76      0.50        88
           2       0.25      0.14      0.18        43
           3       0.29      0.14      0.19        63
           4       0.39      0.45      0.42        62
           5       0.50      0.43      0.46        44
           6       0.48      0.34      0.40        47
           7       0.19      0.18      0.19        28
           8       0.25      0.28      0.26       105
           9       0.13      0.15      0.14        75
          10       0.34      0.23      0.28        52

    accuracy                           0.32       686
   macro avg       0.33      0.30      0.30       686
weighted avg       0.32      0.32      0.31       686

[[19 13  5  3  7  6  3  5 10  7  1]
 [ 2 67  0  3  0  1  0  1  3 10  1]
 [ 6  3  6  8  6  2  2  1  6  1  2]
 [ 6  2  4  9  7  1  1  1 13 12  7]
 [ 1  3  5  1 28  5  3  2  9  2  3]
 [ 3  8  0  0  0 19  1  2  1 10  0]
 [ 1  2  1  2  6  2 16  0 11  3  3]
 [ 1 13  0  0  1  0  1  5  2  5  0]
 [11 22  2  2  6  0  2  6 29 19  6]
 [ 1 44  1  2  0  2  1  3 10 11  0]
 [ 1  2  0  1 10  0  3  0 21  2 12]]
AUC ROC score: 0.7511387400341561
Results for M2_nb.pkl...
Best parameters: {'var_smoothing': 1}
Accuracy: 0.4139941690962099
              precision    recall  f1-score   support

           0       0.54      0.82      0.65        79
           1       0.31      0.83      0.45        88
           2       0.35      0.14      0.20        43
           3       0.00      0.00      0.00        63
           4       0.62      0.21      0.31        62
           5       0.90      0.41      0.56        44
           6       0.50      0.02      0.04        47
           7       0.00      0.00      0.00        28
           8       0.35      0.74      0.48       105
           9       0.67      0.40      0.50        75
          10       0.00      0.00      0.00        52

    accuracy                           0.41       686
   macro avg       0.39      0.32      0.29       686
weighted avg       0.40      0.41      0.34       686

[[65  6  0  0  1  0  0  0  3  4  0]
 [ 4 73  1  0  0  0  0  0  8  2  0]
 [12 15  6  0  0  0  0  0  7  3  0]
 [ 8 36  1  0  2  0  0  0 12  4  0]
 [ 9 12  4  0 13  0  0  0 24  0  0]
 [ 5 10  1  0  0 18  0  0 10  0  0]
 [ 9 10  2  1  3  0  1  0 19  2  0]
 [ 2  9  1  0  0  1  1  0 14  0  0]
 [ 2 22  0  0  2  1  0  0 78  0  0]
 [ 4 36  1  0  0  0  0  0  4 30  0]
 [ 1 10  0  0  0  0  0  0 41  0  0]]
AUC ROC score: 0.7972536059211414
Results for M3_nb.pkl...
Best parameters: {'var_smoothing': 0.01}
Accuracy: 0.3425655976676385
              precision    recall  f1-score   support

           0       0.52      0.32      0.39        79
           1       0.40      0.74      0.52        88
           2       0.31      0.23      0.27        43
           3       0.35      0.17      0.23        63
           4       0.40      0.45      0.42        62
           5       0.35      0.43      0.38        44
           6       0.39      0.36      0.37        47
           7       0.16      0.25      0.19        28
           8       0.35      0.30      0.32       105
           9       0.16      0.17      0.17        75
          10       0.28      0.17      0.21        52

    accuracy                           0.34       686
   macro avg       0.33      0.33      0.32       686
weighted avg       0.35      0.34      0.33       686

[[25 11  8  1  5 11  5  4  2  7  0]
 [ 0 65  0  3  0  4  0  2  1 12  1]
 [ 6  1 10  4  7  3  3  1  3  3  2]
 [ 8  1  4 11  6  5  2  5 10  7  4]
 [ 0  2  5  3 28  6  3  4  7  1  3]
 [ 2  7  0  0  0 19  2  3  1 10  0]
 [ 0  1  1  2  5  2 17  2  7  4  6]
 [ 0 12  0  0  1  0  1  7  2  4  1]
 [ 4 18  3  3  6  2  4 11 31 17  6]
 [ 1 42  1  2  1  3  2  4  6 13  0]
 [ 2  1  0  2 11  0  5  1 18  3  9]]
AUC ROC score: 0.7718448209876531
Results for M4_nb.pkl...
Best parameters: {'var_smoothing': 0.001}
Accuracy: 0.4037900874635568
              precision    recall  f1-score   support

           0       0.60      0.37      0.46        79
           1       0.42      0.74      0.54        88
           2       0.40      0.51      0.45        43
           3       0.45      0.14      0.22        63
           4       0.44      0.50      0.47        62
           5       0.54      0.48      0.51        44
           6       0.53      0.51      0.52        47
           7       0.40      0.29      0.33        28
           8       0.35      0.43      0.39       105
           9       0.17      0.17      0.17        75
          10       0.33      0.19      0.24        52

    accuracy                           0.40       686
   macro avg       0.42      0.39      0.39       686
weighted avg       0.41      0.40      0.39       686

[[29 11  8  3  4  8  1  2  7  6  0]
 [ 4 65  0  0  0  3  0  2  1 12  1]
 [ 2  1 22  1  8  0  2  0  4  2  1]
 [ 3  0 10  9 10  1  2  0 22  5  1]
 [ 1  1  7  1 31  3  2  0 12  2  2]
 [ 3  5  0  0  0 21  0  2  1 11  1]
 [ 0  1  2  1  4  1 24  0  6  5  3]
 [ 0 10  0  0  1  1  0  8  1  6  1]
 [ 2 18  5  1  4  0  4  3 45 13 10]
 [ 4 41  1  2  0  1  1  3  9 13  0]
 [ 0  1  0  2  9  0  9  0 19  2 10]]
AUC ROC score: 0.8196268311676094
